HDL,CHOL,TRI,SPB
47,287,111,0
44,121,46,0
55,261,266,0
40,258,145,1
59,324,92,1
57,248,93,1
38,236,135,0
64,171,103,0
52,397,167,0
42,280,247,1
56,171,56,1
57,192,115,1
33,316,274,0
42,270,134,0
27,388,191,0
40,248,92,1
46,280,176,1
47,255,98,0,
58,260,227,0
49,295,164,0,
63,339,168,1
76,265,240,1
42,349,408,1
55,288,130,0,
41,262,154,0
31,260,123,0
58,285,153,1
39,135,63,0
49,237,157,0
47,261,119,1
40,161,68,1
67,280,306,1
54,263,103,1,
36,256,149,0
42,264,86,0,
39,284,135,0
43,361,126,1
60,223,102,1
36,318,180,0,,
39,325,148,0,
56,326,236,1
40,248,226,1
